# N=99 SEALED (jamming optimizer, ticket 47) sum=5.234274484542 baseline=5.234262200774
-0.459618927042611 -0.459618927042611 0.040381072957389
-0.369162136732496 -0.449342412707542 0.050657587292458
-0.266097096235296 -0.447577435383155 0.052422564616844
-0.161002911335487 -0.447328083905846 0.052671916094154
-0.055624766378243 -0.447293765548704 0.052706234451296
0.049937085406964 -0.447144276818813 0.052855723181187
0.155913141775602 -0.446879335635284 0.053120664364716
0.262170499783418 -0.446863305147683 0.053136694852316
0.366816616492923 -0.448478119627053 0.051521880372946
0.458876546228580 -0.458876546228580 0.041123453771420
-0.437494361740379 -0.359139183037963 0.062505638259621
-0.321013447017512 -0.356410014156159 0.054007244536493
-0.214017559940797 -0.355928798555051 0.052989724671928
-0.108377850440932 -0.356095778344406 0.052650116796459
-0.003122254513925 -0.356002736817384 0.052605520252941
0.102430933093713 -0.355278729231976 0.052950150372170
0.209011742807715 -0.354265011968615 0.053635480094523
0.317593288055016 -0.354071955064396 0.054946236779267
0.436257556272317 -0.356479096301099 0.063742443727683
-0.463164089812097 -0.263171436848548 0.036835910187903
-0.373356742977920 -0.263111451027322 0.052971456679704
-0.266914837300539 -0.263539244683903 0.053471308652867
-0.160713916973294 -0.264624515004166 0.052735156734235
-0.055785774054114 -0.265394389324154 0.052195810491538
0.048688284160805 -0.264807238213929 0.052279897624371
0.154159505987327 -0.262568364232618 0.053215084200755
0.261821912762533 -0.259925245520444 0.054479762050847
0.370471188523339 -0.258615698470572 0.054177405392554
0.462324237560435 -0.258467971071326 0.037675762439565
-0.437602990109084 -0.167287117956762 0.062397009890915
-0.320265279158650 -0.169145988710129 0.054955424304398
-0.212136396805252 -0.171994547109427 0.053210972898934
-0.107051341903946 -0.174784817603490 0.051911119798274
-0.004132386304750 -0.176038382731080 0.051015469804017
0.098584025478701 -0.173545409319475 0.051731190317362
0.204420445057506 -0.167553110871808 0.054274730979265
0.315288376284145 -0.162432641163528 0.056711382496737
0.435990025541907 -0.160251382015389 0.064009974458092
-0.462249778973075 -0.070220111928940 0.037750221026925
-0.370247219097026 -0.072027410108478 0.054270088418630
-0.261989600266576 -0.076966482221575 0.054100140279925
-0.155895507535469 -0.082888880812463 0.052159124339712
-0.053639216300084 -0.087742658593954 0.050212298703870
0.044472661233833 -0.089862590893858 0.047922479158957
0.143870206870658 -0.080294443897310 0.051934526181541
0.252807199562695 -0.066362219633122 0.057889766439593
0.366796230509236 -0.061972429374149 0.056183760001247
0.461487234315909 -0.060949797984737 0.038512765684091
-0.434328064306710 0.029361615063269 0.065671935693290
-0.311501808659917 0.022855558427824 0.057326510838180
-0.201898630152490 0.011519826654094 0.052861308605608
-0.098650896997515 0.002649384098809 0.050766772302838
-0.000524822158499 -0.005493018823679 0.047696547205821
0.083857050237054 -0.014445655389714 0.037158918678604
0.177536394804944 0.036214930170124 0.069341384269017
0.307596701327207 0.038863873455494 0.060745895021443
0.434169733803613 0.039753838830281 0.065830266196386
-0.462452300324452 0.128675866176058 0.037547699675548
-0.358242307510923 0.138162022016929 0.067093161152491
-0.242931924693753 0.108097672072226 0.052072058282710
-0.140599220860606 0.095416064152158 0.051043437416243
-0.039281781208259 0.085059959901085 0.050801898623097
0.062017592894420 0.071393766500417 0.051415164706167
0.132147517205077 0.154345572760042 0.057208996720068
0.248646701449163 0.143957802473879 0.059752388792654
0.365334702468380 0.141439010291752 0.056962794006832
0.461147990267721 0.140900032885035 0.038852009732278
-0.447659681441940 0.217338339909663 0.052340318558060
-0.268456612563871 0.196594253018111 0.040031983593738
-0.180190887202664 0.187021200449677 0.048751357236724
-0.080707551102629 0.178187180260042 0.051123434749559
0.022865897778718 0.168123692168390 0.052937764098751
0.085164346735609 0.256035409046892 0.054809935212929
0.196738879741667 0.248553420680513 0.057015180773751
0.311958039617213 0.243609218834411 0.058310011332404
0.435123305314446 0.241310987931209 0.064876694685553
-0.446511765754228 0.323160666845558 0.053488234245771
-0.343478928237587 0.267863396795826 0.063445737215406
-0.224628624598280 0.273940909878986 0.048869072961658
-0.125100653538488 0.269870541612202 0.050742095694803
-0.021960483551761 0.263652341200300 0.052585348293972
0.035984597245990 0.352879058244581 0.053805626056102
0.145205899651104 0.348574053835493 0.055500485218756
0.257297766615025 0.344750556253604 0.056656573289462
0.369162996590878 0.341708513755052 0.055250011414537
0.462201553510163 0.340351146907442 0.037798446489836
-0.365484988575188 0.368076307464405 0.039154916565409
-0.275448461889244 0.360176990214283 0.051227467507411
-0.173176582023534 0.359589778695775 0.051046098132170
-0.069958029581496 0.356809613294383 0.052209889044790
-0.015173269928271 0.446829695758366 0.053170304241633
0.092629173434740 0.445357813159101 0.054642186840899
0.203409517242805 0.443851604027277 0.056148395972722
0.317351978543605 0.442193876323771 0.057806123676229
0.437533896106214 0.437533896106214 0.062466103893786
-0.438173521325741 0.438173521325741 0.061826478674259
-0.325909727368203 0.449038180307252 0.050961819692748
-0.223621013645411 0.448672452150722 0.051327547849278
-0.120316175699192 0.448020653672993 0.051979346327007
