#
# coordinates of csqv90
#
#        x-coord          y-coord          radius
# -----------------------------------------------------
   1   0.341445398715  -0.462613920819   0.037386079181
   2  -0.341058682712   0.462522127882   0.037477872118
   3   0.145745813716  -0.462154493455   0.037845506545
   4  -0.144861087208   0.462052019833   0.037947980167
   5  -0.051509672582  -0.461920003045   0.038079996955
   6   0.053017360972   0.461773977233   0.038226022767
   7   0.252501400450   0.461487262217   0.038512737783
   8  -0.250349397563  -0.461459338999   0.038540661001
   9  -0.457293567723  -0.457293567723   0.042706432277
  10   0.457286222987   0.457286222987   0.042713777013
  11  -0.446292125174  -0.361508981927   0.053707874826
  12   0.445205003082   0.360528767878   0.054794996918
  13   0.342285031405  -0.370420199283   0.054811465654
  14  -0.341903046298   0.370104020984   0.054944091897
  15   0.145983698324  -0.369223618974   0.055085672405
  16  -0.145118777993   0.368878778303   0.055225617713
  17  -0.051261905234  -0.368494030325   0.055346304306
  18   0.052700712435   0.368010929111   0.055537560033
  19  -0.249555425070  -0.367230396899   0.055691626045
  20   0.444215901593   0.249954096269   0.055784098407
  21   0.348291229993   0.307098259351   0.055871613474
  22  -0.444113773455  -0.251936531744   0.055886226545
  23   0.443682818515   0.137854083888   0.056317181485
  24   0.346539241024   0.194901774722   0.056338549295
  25  -0.443489742485  -0.139541780023   0.056510257515
  26   0.345567865641   0.081971127295   0.056596275708
  27   0.443365638835   0.024902986576   0.056634361165
  28   0.252637864600   0.366335641694   0.056638980596
  29  -0.345893595126  -0.196909569713   0.056697830858
  30   0.247952849364   0.139538600126   0.056729384806
  31   0.146566986442  -0.257401904281   0.056737563560
  32   0.249524711548   0.252998253161   0.056741155942
  33   0.344918634683  -0.031397966458   0.056774677006
  34  -0.345067241501  -0.083432077781   0.056782669826
  35   0.246948271060   0.026028048222   0.056785612314
  36  -0.443197166215  -0.026229066441   0.056802833785
  37   0.343586412377  -0.258794460323   0.056821859078
  38   0.246168349302  -0.087607235652   0.056852347976
  39  -0.248136950722  -0.254689769941   0.056857939860
  40  -0.145747324050   0.256795118466   0.056859804501
  41  -0.247063280812  -0.140972440552   0.056864457980
  42  -0.050644238384  -0.256276482355   0.056872943529
  43   0.147290082888  -0.143792555891   0.056874085975
  44   0.148083891449  -0.030046956973   0.056874282827
  45   0.443121724517  -0.088609388012   0.056878275483
  46   0.148998226297   0.083710929930   0.056887278523
  47   0.344340207737  -0.145073135648   0.056901963815
  48  -0.246258355392  -0.027208435087   0.056902395033
  49   0.245429085887  -0.201360805341   0.056903623855
  50   0.049128881845  -0.086232135389   0.056918810984
  51  -0.344501881974   0.030268564267   0.056919377796
  52   0.049969577990   0.027611258336   0.056927686831
  53  -0.148080028925  -0.084825890880   0.056934132496
  54  -0.049872735884  -0.142466870144   0.056939283616
  55  -0.049060718020  -0.028591113731   0.056939367903
  56  -0.147281557090   0.029052513415   0.056947071054
  57  -0.343211020847   0.258211755420   0.056955818248
  58   0.048363224417  -0.200106593672   0.056958221294
  59  -0.245556265429   0.086658675120   0.056966879652
  60  -0.048228441169   0.085314451547   0.056969237945
  61  -0.146505553968   0.142967390341   0.056970448959
  62   0.050895654640   0.141512405297   0.056977224814
  63   0.051883269025   0.255480844549   0.056995493534
  64  -0.148943589414  -0.198769104633   0.057012353615
  65  -0.442973836758   0.087599711503   0.057026163242
  66  -0.244831653160   0.200649505076   0.057026253374
  67   0.150139391790   0.197622612897   0.057030120390
  68  -0.343958659190   0.144222518129   0.057035870841
  69  -0.047388037855   0.199334319234   0.057053726869
  70   0.442817876846  -0.202669381935   0.057182123154
  71   0.244622214368  -0.315497234888   0.057235657689
  72  -0.347497908060  -0.310893672380   0.057297561508
  73  -0.442678134271   0.201947358132   0.057321865729
  74  -0.244010805720   0.315043327563   0.057370514123
  75   0.047710883418  -0.314472670796   0.057409716283
  76  -0.046626241598   0.313939097739   0.057553583499
  77  -0.149864514748  -0.313387904713   0.057610146076
  78   0.151583484527   0.312503222758   0.057859565509
  79   0.442036975851  -0.317811881218   0.057963024149
  80  -0.441896873813   0.317369706015   0.058103126187
  81   0.437850970151  -0.437850970151   0.062149029849
  82  -0.437699829614   0.437699829614   0.062300170386
  83   0.243894385584  -0.436365350611   0.063634649389
  84  -0.243265598988   0.436205775010   0.063794224990
  85   0.047270373246  -0.435940794157   0.064059205843
  86  -0.046102432667   0.435745777484   0.064254222516
  87  -0.150630662868  -0.435497823655   0.064502176345
  88   0.352244168403   0.435419939404   0.064580060596
  89   0.152573049616   0.435179398589   0.064820601411
  90  -0.351167081807  -0.434068298308   0.065931701692
# -----------------------------------------------------
#                           sumradii =   4.996999276706
