#
# coordinates of csqv26
#
#        x-coord          y-coord          radius
# -----------------------------------------------------
   1   0.260289472072   0.263673569383   0.069180676357
   2  -0.259352401561   0.262958863654   0.069440193711
   3   0.002715553796  -0.421139627084   0.078860372916
   4   0.415360499304  -0.415360499304   0.084639500696
   5  -0.415073737545  -0.415073737545   0.084926262455
   6   0.186884190030   0.407608448429   0.092391551571
   7  -0.185943021987   0.407407905049   0.092592094951
   8   0.000571630861   0.406072662723   0.093927337277
   9   0.404267670693   0.183258534973   0.095732329307
  10   0.096641216397   0.242417049502   0.095842325746
  11  -0.095219732940   0.242049443461   0.096018975758
  12  -0.403848665954   0.182080042933   0.096151334046
  13   0.228370148514   0.097634796388   0.099898350593
  14  -0.226905714312   0.096042701908   0.100600367819
  15   0.396939479858  -0.015399197348   0.103060520142
  16  -0.396532766642  -0.017404417789   0.103467233358
  17  -0.394817439731  -0.226047160376   0.105182560269
  18   0.393209855371  -0.225216716649   0.106790144629
  19   0.389220987209   0.389220987209   0.110779012791
  20  -0.388843820590   0.388843820590   0.111156179410
  21   0.205253940951  -0.113076446590   0.112077088950
  22  -0.202609603699  -0.118334155547   0.115148880160
  23   0.004468239326  -0.224657383229   0.117629688047
  24   0.205390511218  -0.369778898935   0.130221101065
  25  -0.202309525089  -0.366741427229   0.133258572771
  26   0.001331924497   0.029963419753   0.137010430124
# -----------------------------------------------------
#                           sumradii =   2.635983084919
