#
# coordinates of csqv75
#
#        x-coord          y-coord          radius
# -----------------------------------------------------
   1   0.324836810490  -0.458693119533   0.041306880467
   2  -0.324807188432  -0.458686512007   0.041313487993
   3   0.108651636406  -0.458219527994   0.041780472006
   4  -0.108594996862  -0.458216466394   0.041783533606
   5   0.114147974043   0.256630246558   0.045197133598
   6  -0.113895301403   0.256543296021   0.045209838915
   7   0.343504394172   0.246721022539   0.045822060661
   8  -0.343524104759   0.246623207581   0.045827627136
   9   0.452913616564   0.452913616564   0.047086383436
  10  -0.452899225600   0.452899225600   0.047100774400
  11   0.057609188955   0.342363041289   0.057500219394
  12  -0.057402252394   0.342334627058   0.057511225465
  13   0.000089819180   0.442242401710   0.057757598290
  14   0.115780054361   0.442067230493   0.057932769507
  15   0.348448807882   0.442059171588   0.057940828412
  16  -0.115620447577   0.442047166826   0.057952833174
  17  -0.348395891392   0.442034143813   0.057965856187
  18   0.173077833471   0.341314287959   0.057973187717
  19  -0.172923449688   0.341225678235   0.058015294398
  20   0.232110385645   0.441601505970   0.058398494030
  21  -0.232001631631   0.441570673684   0.058429326316
  22   0.291150157945   0.338828976524   0.060125290595
  23  -0.291080481868   0.338735816619   0.060167968648
  24   0.325773090788  -0.356822978581   0.060567563033
  25  -0.325742073263  -0.356799070458   0.060578242559
  26  -0.333640038989   0.140651147051   0.060604381063
  27  -0.439331141562   0.200120378220   0.060668858438
  28   0.439301168279   0.200141213773   0.060698831721
  29   0.333447418009   0.140645474963   0.060729169097
  30   0.108812404780  -0.355563148175   0.060876033701
  31  -0.108750504126  -0.355551579604   0.060881470957
  32  -0.438448323244   0.077903031436   0.061551676756
  33   0.438416883276   0.077862462734   0.061583116724
  34   0.437537964740  -0.046179575435   0.062462035260
  35  -0.437536321912  -0.046108969962   0.062463678088
  36   0.330040717221   0.017488391909   0.062475022052
  37  -0.330044641251   0.017606486481   0.062492797539
  38   0.327287778829  -0.233467509902   0.062797204761
  39  -0.327253786475  -0.233418877579   0.062811211089
  40   0.328438353479  -0.107825979665   0.062849593617
  41  -0.328406644883  -0.107744281795   0.062868672377
  42   0.109222865395  -0.231815608985   0.062872186219
  43  -0.109143661991  -0.231789425197   0.062881307925
  44  -0.112248574614   0.148310473567   0.063035510018
  45   0.436942060928  -0.171698135237   0.063057939072
  46   0.218775409959  -0.169700255492   0.063064612058
  47  -0.436931218768  -0.171639970886   0.063068781232
  48  -0.218709601342  -0.169638152612   0.063084861144
  49   0.112663990622   0.148295822072   0.063147454340
  50   0.220046201951  -0.043396219521   0.063245816708
  51   0.000052445399  -0.168632949401   0.063263570307
  52  -0.219964165862  -0.043263392688   0.063296125868
  53   0.217818211972  -0.296069559804   0.063308317402
  54   0.109839034112  -0.105627241976   0.063317685135
  55  -0.217765362065  -0.296039277505   0.063319790520
  56  -0.109723987340  -0.105574126013   0.063335325391
  57   0.000037259041  -0.295349531999   0.063453013201
  58   0.000083203906  -0.041641966989   0.063727415831
  59   0.110853213066   0.021423842312   0.063737446904
  60  -0.110661333351   0.021521320597   0.063763577698
  61   0.435991340257  -0.298761177325   0.064008659743
  62  -0.435979566173  -0.298725622875   0.064020433827
  63   0.222335917432   0.083874476770   0.064045474947
  64  -0.222245343165   0.084261946418   0.064249614491
  65   0.000139981236   0.087050037621   0.064964601304
  66   0.431344209717  -0.431344209717   0.068655790283
  67  -0.431332324856  -0.431332324856   0.068667675144
  68   0.217052285680  -0.429687841001   0.070312158999
  69  -0.217006850913  -0.429678457729   0.070321542271
  70   0.000030309631  -0.429401272510   0.070598727490
  71   0.227220389336   0.221986146946   0.073063530776
  72   0.000144932193   0.225100338529   0.073085699693
  73  -0.227097869137   0.221668804646   0.073242900565
  74   0.425603533845   0.334540299779   0.074396466155
  75  -0.425590850646   0.334497729714   0.074409149354
# -----------------------------------------------------
#                           sumradii =   4.550081805197
