#
# coordinates of csqv32
#
#        x-coord          y-coord          radius
# -----------------------------------------------------
   1   0.235514357827  -0.437612792447   0.062387207553
   2  -0.091325406232  -0.436684746794   0.063315253206
   3  -0.430228924317  -0.430228924317   0.069771075683
   4  -0.109554531876   0.251941166603   0.071336316948
   5  -0.426933038528   0.426933038528   0.073066961472
   6   0.256277057413   0.258570670817   0.073715699475
   7  -0.412428744250  -0.273896704828   0.087571255750
   8  -0.410575349816   0.265266870520   0.089424650184
   9  -0.409471228748   0.085316836336   0.090528771252
  10  -0.409430625112  -0.095781305253   0.090569374888
  11  -0.253382521303   0.177361400248   0.090677979002
  12   0.236969785709  -0.283748422492   0.091484045811
  13  -0.090373299265  -0.281774116490   0.091598302975
  14  -0.251111041116  -0.005155837327   0.091853392642
  15  -0.093163108162   0.089263918113   0.092164649249
  16  -0.251557592210  -0.190596207736   0.093587515427
  17  -0.089663242565  -0.096522471467   0.093654702843
  18   0.406198794671   0.183835230142   0.093801205329
  19   0.242764144062   0.091475041519   0.093925429601
  20   0.405141382615  -0.004821629225   0.094858617385
  21   0.239436872890  -0.097350889193   0.094929813489
  22   0.073911802909  -0.191866929252   0.095679290756
  23   0.403427792160  -0.196244784706   0.096572207840
  24   0.166504260682   0.403356762547   0.096643237453
  25   0.074391419408   0.001018954648   0.097207189434
  26  -0.028719665162   0.401409601368   0.098590398632
  27   0.396345855260  -0.396345855260   0.103654144740
  28   0.072697738363  -0.393771284957   0.106228715043
  29  -0.256664816622  -0.392059498922   0.107940501078
  30   0.388433291776   0.388433291776   0.111566708224
  31   0.072899637815   0.213370999249   0.115150095015
  32  -0.242711497739   0.383881937174   0.116118062826
# -----------------------------------------------------
#                           sumradii =   2.939572771205
