#
# coordinates of csqv13
#
#        x-coord          y-coord          radius
# -----------------------------------------------------
   1  -0.104652645984   0.407499004376   0.092500995624
   2   0.395700659143   0.395700659143   0.104299340857
   3  -0.103469241138  -0.065703050094   0.116683333884
   4   0.380888750314  -0.380888750314   0.119111249686
   5  -0.106660002532   0.182983398729   0.132023583563
   6   0.367375993877   0.160476541159   0.132624006123
   7   0.124023543247   0.045486955648   0.136528404240
   8   0.354366942802  -0.117476256773   0.145633057198
   9  -0.349487638879   0.038548987786   0.150512361121
  10  -0.344510434217   0.344510434217   0.155489565783
  11   0.138018106189   0.340841999692   0.159158000308
  12   0.080417837940  -0.310507467974   0.189492532026
  13  -0.304514018721  -0.304514018721   0.195485981279
# -----------------------------------------------------
#                           sumradii =   1.829542411692
