#
# coordinates of csqv60
#
#        x-coord          y-coord          radius
# -----------------------------------------------------
   1  -0.020214611499  -0.351888896756   0.046346115305
   2  -0.300012832371   0.452864982429   0.047135017571
   3  -0.053723634101   0.452499117145   0.047500882855
   4   0.193154085609   0.452397524150   0.047602475850
   5   0.224510792014  -0.329090966536   0.049728888532
   6   0.448595626837  -0.448595626837   0.051404373163
   7   0.447638788801   0.447638788801   0.052361211199
   8  -0.446708296433  -0.446708296433   0.053291703567
   9  -0.319341307835  -0.215007919703   0.053717080072
  10  -0.076265005240  -0.441039516790   0.058960483210
  11   0.044227968083  -0.438439460509   0.061560539491
  12   0.436616080179  -0.334434150549   0.063383919821
  13  -0.198839698853  -0.436293960394   0.063706039606
  14  -0.128465544748  -0.329491202957   0.064197637285
  15   0.324241537036  -0.273589153881   0.064405561616
  16   0.434764250603  -0.205827813080   0.065235749397
  17   0.434297225962   0.330331042633   0.065702774038
  18  -0.328300857514  -0.434228403987   0.065771596013
  19   0.208102466201  -0.214741696592   0.065791623467
  20   0.319103178606  -0.142801695247   0.066482795632
  21   0.172422548442  -0.433261426193   0.066738573807
  22   0.433158613522  -0.073760437281   0.066841386478
  23  -0.259628842894  -0.320256305490   0.067290362593
  24   0.432146804902   0.060930343953   0.067853195098
  25   0.432068329268   0.196715187105   0.067931670732
  26   0.315194554193  -0.008314601575   0.068061084605
  27   0.199127310885  -0.080583551997   0.068666404088
  28   0.192643485139   0.336055379727   0.068740789024
  29  -0.032492986902  -0.237358440931   0.068840619235
  30   0.313304607392   0.128675022432   0.068941575897
  31  -0.300984046297   0.336569490891   0.069164529326
  32  -0.053716561797   0.335814881571   0.069183352934
  33   0.194316598997   0.057637697387   0.069638537003
  34  -0.429987238013  -0.159631463055   0.070012761987
  35   0.192457972125   0.197289290693   0.070025424014
  36   0.313648832181   0.267802514231   0.070186341737
  37  -0.307060357672  -0.091240231459   0.070658409436
  38   0.071033599263   0.125444758032   0.071061482530
  39   0.083225795396  -0.158680608748   0.071091642426
  40   0.074772036828  -0.016703999793   0.071136426267
  41  -0.428802663100  -0.018426332801   0.071197336900
  42  -0.053341942863   0.195127752487   0.071504274913
  43   0.069782223086   0.268142002461   0.071641248733
  44  -0.302463233424   0.195541555794   0.071871162867
  45  -0.427897916300   0.124870231630   0.072102083700
  46  -0.303684257861   0.051526917141   0.072148651906
  47  -0.177570725063   0.267493646414   0.072265029636
  48  -0.051777857191   0.051167032766   0.072464941194
  49  -0.177810836761   0.122750599449   0.072478216487
  50  -0.426843202795   0.270125283388   0.073156797205
  51  -0.047302453809  -0.095258489693   0.074028959234
  52  -0.178023798429  -0.024392850466   0.074665387539
  53  -0.421595603943   0.421595603943   0.078404396057
  54   0.097383210091  -0.308206274479   0.079102755283
  55   0.069649294712   0.419891596487   0.080108403513
  56  -0.177106274517   0.419878984130   0.080121015870
  57   0.317366056189   0.418971579946   0.081028420054
  58   0.319508526453  -0.418958843090   0.081041156910
  59  -0.416065979284  -0.312947510682   0.083934020716
  60  -0.180705957807  -0.186795806248   0.087759715280
# -----------------------------------------------------
#                           sumradii =   4.057375010904
