#
# coordinates of csqv100
#
#        x-coord          y-coord          radius
# -----------------------------------------------------
   1  -0.465836024262  -0.465836024262   0.034163975738
   2   0.380094566373   0.380094566373   0.034765659538
   3   0.291074828340  -0.371325235840   0.036862447490
   4  -0.371325235840   0.291074828340   0.036862447490
   5   0.187478895050   0.187478895050   0.038469129059
   6  -0.274903054110  -0.274903054110   0.038727833278
   7  -0.460873679227   0.460873679227   0.039126320773
   8   0.460873679227  -0.460873679227   0.039126320773
   9  -0.171669144974   0.086153167197   0.040361532047
  10   0.086153167197  -0.171669144974   0.040361532047
  11   0.341204089456   0.452540805057   0.047459194943
  12   0.452540805057   0.341204089456   0.047459194943
  13  -0.452463903065  -0.385237710078   0.047536096935
  14  -0.385237710078  -0.452463903065   0.047536096935
  15  -0.373823765602   0.451581906296   0.048418093704
  16   0.451581906296  -0.373823765602   0.048418093704
  17   0.366663678295   0.297527469182   0.048886682289
  18   0.297527469182   0.366663678295   0.048886682289
  19  -0.327913419429   0.365410084030   0.049220745077
  20   0.365410084030  -0.327913419429   0.049220745077
  21   0.243570460800   0.449786730179   0.050213269821
  22   0.449786730179   0.243570460800   0.050213269821
  23  -0.275171274331   0.449748568719   0.050251431281
  24   0.449748568719  -0.275171274331   0.050251431281
  25  -0.449280120912   0.251153658242   0.050719879088
  26   0.251153658242  -0.449280120912   0.050719879088
  27   0.274814432852  -0.284921055768   0.051058441924
  28  -0.284921055768   0.274814432852   0.051058441924
  29  -0.358756376533   0.203555279337   0.051555015050
  30   0.203555279337  -0.358756376533   0.051555015050
  31  -0.227129629330   0.359804523100   0.051718814364
  32   0.359804523100  -0.227129629330   0.051718814364
  33  -0.173084020454   0.448151688726   0.051848311274
  34   0.448151688726  -0.173084020454   0.051848311274
  35   0.266821179587   0.144168184843   0.051924541815
  36   0.144168184843   0.266821179587   0.051924541815
  37   0.141332196536   0.447958663532   0.052041336468
  38   0.447958663532   0.141332196536   0.052041336468
  39  -0.231402288956  -0.354961577654   0.052385742884
  40  -0.354961577654  -0.231402288956   0.052385742884
  41   0.036665964794   0.447373468811   0.052626531189
  42   0.447373468811   0.036665964794   0.052626531189
  43  -0.068599633540   0.447360932109   0.052639067891
  44   0.447360932109  -0.068599633540   0.052639067891
  45   0.090096574464   0.356497989899   0.052792550183
  46   0.356497989899   0.090096574464   0.052792550183
  47   0.147451766571  -0.446992764329   0.053007235671
  48  -0.446992764329   0.147451766571   0.053007235671
  49   0.358154902801   0.195936323412   0.053060167390
  50   0.195936323412   0.358154902801   0.053060167390
  51   0.356246210092  -0.122331948969   0.053139258289
  52  -0.122331948969   0.356246210092   0.053139258289
  53   0.355490114464  -0.015943281729   0.053252095672
  54  -0.015943281729   0.355490114464   0.053252095672
  55  -0.284427527586  -0.446552759116   0.053447240884
  56  -0.446552759116  -0.284427527586   0.053447240884
  57  -0.446238355701  -0.177219103417   0.053761644299
  58  -0.177219103417  -0.446238355701   0.053761644299
  59   0.172505240812   0.096463958994   0.053769306023
  60   0.096463958994   0.172505240812   0.053769306023
  61   0.038422192354   0.263172062421   0.053884394402
  62   0.263172062421   0.038422192354   0.053884394402
  63  -0.183150457663  -0.259869115684   0.054248283330
  64  -0.259869115684  -0.183150457663   0.054248283330
  65   0.169014238432  -0.125881670755   0.054308684609
  66  -0.125881670755   0.169014238432   0.054308684609
  67   0.262278533922  -0.069916928753   0.054458411337
  68  -0.069916928753   0.262278533922   0.054458411337
  69  -0.068986053732  -0.445526252047   0.054473747953
  70  -0.445526252047  -0.068986053732   0.054473747953
  71   0.039971181204  -0.445516512582   0.054483487418
  72  -0.445516512582   0.039971181204   0.054483487418
  73  -0.351563236592  -0.124438639248   0.054631877538
  74  -0.124438639248  -0.351563236592   0.054631877538
  75   0.041088031553  -0.255352047213   0.054684217873
  76  -0.255352047213   0.041088031553   0.054684217873
  77   0.264357058545  -0.179367484857   0.055011879135
  78  -0.179367484857   0.264357058545   0.055011879135
  79  -0.350226913286  -0.014525766356   0.055289118579
  80  -0.014525766356  -0.350226913286   0.055289118579
  81  -0.350879627657   0.096525573922   0.055764139877
  82   0.096525573922  -0.350879627657   0.055764139877
  83   0.444161430869   0.444161430869   0.055838569131
  84   0.070088986215  -0.076308722095   0.056342491458
  85  -0.076308722095   0.070088986215   0.056342491458
  86  -0.009503482974  -0.156324578113   0.056518034705
  87  -0.156324578113  -0.009503482974   0.056518034705
  88   0.165334194879  -0.014353626489   0.057280057558
  89  -0.014353626489   0.165334194879   0.057280057558
  90  -0.071353220379  -0.252459406031   0.057794235659
  91  -0.252459406031  -0.071353220379   0.057794235659
  92   0.362807522055  -0.438551779260   0.061448220740
  93  -0.438551779260   0.362807522055   0.061448220740
  94  -0.043076585838  -0.043076585838   0.061601654553
  95  -0.347524455902  -0.347524455902   0.063974338055
  96   0.260035282023   0.260035282023   0.064141097435
  97  -0.247236196255   0.162711185218   0.067209418320
  98   0.162711185218  -0.247236196255   0.067209418320
  99   0.052674837373   0.052674837373   0.073811306769
 100  -0.139139972710  -0.139139972710   0.074252490009
# -----------------------------------------------------
#                           sumradii =   5.261573443983
