#
# coordinates of csqv40
#
#        x-coord          y-coord          radius
# -----------------------------------------------------
   1   0.292948528821  -0.300830569836   0.058231232723
   2  -0.005812463778   0.145627135597   0.059113764986
   3   0.440033917769   0.120993901814   0.059966082231
   4  -0.286766578667   0.282717988734   0.063022378269
   5  -0.141527375820  -0.285452732760   0.063523279412
   6   0.435815215963   0.435815215963   0.064184784037
   7  -0.433522968667  -0.433522968667   0.066477031333
   8   0.158917245684  -0.288659859856   0.076351496633
   9   0.233851310882  -0.422746767297   0.077253232703
  10   0.131056542445   0.135948023760   0.078097058458
  11   0.077629205158  -0.421021601741   0.078978398259
  12   0.292354576895   0.419837095073   0.080162904927
  13   0.002344394361  -0.280507042145   0.080433471422
  14   0.051285324942   0.273179943222   0.080635568499
  15   0.032722860454   0.011087404323   0.080835906342
  16  -0.082998293348  -0.418328321905   0.081671678095
  17   0.194172267256  -0.011364678388   0.082167182509
  18  -0.273011168727   0.137748480196   0.082598258003
  19  -0.417394567803  -0.285315493762   0.082605432197
  20  -0.417356210548   0.218181328891   0.082643789452
  21   0.129240839462   0.417024927666   0.082975072334
  22   0.258162643825  -0.163795284000   0.083150263093
  23   0.092253720274  -0.142721540281   0.084091698112
  24  -0.123501297557   0.064007205671   0.084108002065
  25   0.216143006578   0.274182595851   0.084225162139
  26  -0.415727248912   0.051272737171   0.084272751088
  27  -0.415136851294  -0.117862132177   0.084863148706
  28   0.414836875836  -0.225297977872   0.085163124164
  29   0.294376586925   0.123326893792   0.085709931169
  30  -0.268401895478  -0.205874154072   0.086242851354
  31  -0.213871453072   0.413391738757   0.086608261243
  32  -0.040477368448   0.413214085610   0.086785914390
  33  -0.265603748328  -0.032171117370   0.087482721280
  34   0.405098792971  -0.405098792971   0.094901207029
  35   0.400180834499   0.275729344252   0.099819165501
  36  -0.127534984156   0.248017423924   0.099946422085
  37  -0.399999260481   0.399999260481   0.100000739519
  38  -0.267272149678  -0.396056824965   0.103943175035
  39   0.395924096041  -0.037006404706   0.104075903959
  40  -0.095895811172  -0.123148977873   0.105073127853
# -----------------------------------------------------
#                           sumradii =   3.292391572609
