#
# coordinates of csqv50
#
#        x-coord          y-coord          radius
# -----------------------------------------------------
   1  -0.326231802910   0.325197487212   0.050597397602
   2   0.315818477652   0.196550087290   0.053225762886
   3   0.316669340090  -0.200967884844   0.053314672974
   4   0.443805020469  -0.443805020469   0.056194979531
   5   0.443300433718   0.443300433718   0.056699566282
   6  -0.179288410373  -0.303456161525   0.057929684684
   7  -0.190057036547  -0.008329036232   0.058946612922
   8  -0.440488102254  -0.440488102254   0.059511897746
   9  -0.431590224458   0.269859342424   0.068409775542
  10  -0.268750139616   0.430567932805   0.069432067195
  11   0.318147406697  -0.429754241257   0.070245758743
  12   0.316901739609   0.429555766824   0.070444233176
  13   0.251149448609  -0.306001419237   0.070479105250
  14  -0.308446018526   0.205263519158   0.070648183015
  15  -0.428834222062   0.130311001050   0.071165777938
  16   0.428547995778  -0.145742074391   0.071452004222
  17   0.428245518553   0.141958678189   0.071754481447
  18   0.250713747515   0.303471255270   0.071957151477
  19  -0.205381691926   0.304021208809   0.072094020565
  20   0.427751338420  -0.002043616888   0.072248661580
  21   0.175279790355  -0.427358049210   0.072641950790
  22  -0.426991835299  -0.013851169255   0.073008164701
  23  -0.301968830341   0.061694537543   0.073066835159
  24   0.302292268689  -0.075394076943   0.073079478049
  25   0.301905088108   0.070888560048   0.073203671335
  26  -0.426631276966  -0.308331953052   0.073368723034
  27   0.172940901835   0.426449895619   0.073550104381
  28  -0.125558865312   0.426173373971   0.073826626029
  29  -0.425945392653  -0.160910218212   0.074054607347
  30  -0.298479470114  -0.085419514592   0.074088592773
  31   0.027877189281  -0.425223901041   0.074776098959
  32   0.191426820785  -0.173435898880   0.074918313784
  33   0.105611577904  -0.296790263050   0.075349963209
  34   0.023831036499   0.424426511262   0.075573488738
  35  -0.122532694907  -0.424363755343   0.075636244657
  36   0.189934733678   0.168963291888   0.075645290021
  37  -0.045712853524  -0.293617412164   0.076007727477
  38  -0.295469260471  -0.235928359098   0.076450351147
  39   0.102228079374   0.293711169760   0.076848940174
  40  -0.054248115897   0.290252054656   0.079665484604
  41  -0.418863290147   0.418863290147   0.081136709853
  42   0.033591602225  -0.154603196828   0.084036481313
  43  -0.045755569680  -0.004899292757   0.085395607098
  44   0.030115302688   0.148244034849   0.085511584279
  45   0.412687801670  -0.303712091341   0.087312198330
  46   0.411329336502   0.301489458653   0.088670663498
  47  -0.291028100300  -0.406160393846   0.093839606154
  48  -0.144925932839  -0.154969233760   0.094481429016
  49  -0.152507948791   0.143215868944   0.097180874332
  50   0.142263391871  -0.002825043483   0.102634795796
# -----------------------------------------------------
#                           sumradii =   3.691712400817
