#
# coordinates of csqv20
#
#        x-coord          y-coord          radius
# -----------------------------------------------------
   1  -0.160776224520   0.418396995778   0.081603004222
   2   0.219226220720  -0.212241980162   0.082983148527
   3  -0.208605614751  -0.205373277391   0.085672268149
   4   0.200758478685   0.168629018260   0.088699750085
   5   0.204545454153  -0.024933480741   0.104899790726
   6   0.391400100917  -0.128216870168   0.108599899083
   7  -0.186849761592  -0.008457514854   0.112441675536
   8   0.017421825187   0.085741255193   0.112503405412
   9   0.387355372011   0.092990681529   0.112644627989
  10  -0.386309326777  -0.115001970417   0.113690673223
  11   0.120761537472  -0.384537008304   0.115462991696
  12  -0.168459010476   0.220094098179   0.116848663436
  13  -0.111557329365  -0.383139924110   0.116860075890
  14  -0.380955920664   0.117671203996   0.119044079336
  15  -0.368195252903   0.368195252903   0.131804747097
  16   0.367830156146  -0.367830156146   0.132169843854
  17   0.007449200132  -0.161377532974   0.134816526489
  18  -0.363840129454  -0.363840129454   0.136159870546
  19   0.057380415319   0.354195565594   0.145804434406
  20   0.351586641205   0.351586641205   0.148413358795
# -----------------------------------------------------
#                           sumradii =   2.301122834497
