# N=93 SEALED (jamming optimizer, ticket 47) sum=5.073447923540 baseline=5.073427083838
-0.460569753602121 -0.460569753602121 0.039430246397879
-0.371526300517620 -0.449729349537882 0.050270650462118
-0.267836616640232 -0.446531671841532 0.053468328158468
-0.159609254700545 -0.445233176929953 0.054766823070047
-0.049736061581666 -0.444893103664704 0.055106896335296
0.060269029341023 -0.445101607812931 0.054898392187069
0.169653434654542 -0.445513212458841 0.054486787541159
0.278808133426543 -0.445331938247387 0.054668061752613
0.382128313666338 -0.451182375492426 0.048817624507574
0.464907877635864 -0.464907877635864 0.035092122364136
-0.439996727906255 -0.363287816875197 0.060003272093745
-0.325815939438107 -0.355521247930020 0.054441352281487
-0.216176299830681 -0.350815461192546 0.055299228189297
-0.105311512264986 -0.349172380912965 0.055577734407952
0.005657142669836 -0.349282578375841 0.055390975242671
0.115729260879559 -0.350584286105363 0.054688839665368
0.223896418124066 -0.352150420810241 0.053489654890026
0.343088595446337 -0.343162038721311 0.066040952685608
0.451162563119175 -0.382111517547448 0.048837436880825
-0.467486475001192 -0.274949424604786 0.032513524998807
-0.383899436889605 -0.266978235711285 0.051452734847894
-0.276048544702474 -0.255841467130586 0.056971628465800
-0.162469149539939 -0.252585302724546 0.056654431978654
-0.049542762776419 -0.252217062021532 0.056272555179772
0.062538160841504 -0.253720626058562 0.055818453129815
0.172367987258322 -0.257720795929471 0.054084195290250
0.266877703880918 -0.268019205314056 0.040984957287943
0.351167544178420 -0.222654272960870 0.054737319454661
0.445241482183473 -0.278684912506923 0.054758517816527
-0.452946816517354 -0.196722450805808 0.047053183482646
-0.347196621284837 -0.154582490379212 0.066783893326583
-0.221815671225104 -0.153785097862707 0.058599592319281
-0.105943292314892 -0.153669926580446 0.057272843828130
0.008271494861926 -0.154869942305174 0.056948247252218
0.122803607840544 -0.157618382388410 0.057616838294113
0.246215841067411 -0.163131496992514 0.065918475453336
0.354791362008987 -0.115219738839962 0.052758313840118
0.446168282962477 -0.170098632775211 0.053831717037523
-0.450178469304823 -0.099887299642887 0.049821530695177
-0.374485509762848 -0.051110153066341 0.040226424042135
-0.277344978181987 -0.052482819996050 0.056923805449678
-0.162654158363444 -0.053573770604266 0.057772202867434
-0.047467397747460 -0.054999796504095 0.057423384596110
0.067249965729953 -0.057008587644913 0.057311565288641
0.181060441535916 -0.059462469969945 0.056525361679918
0.278317707920096 -0.061406774724467 0.040751337408310
0.355954577539677 -0.010235341760341 0.052232527191575
0.446943778234942 -0.063213507203189 0.053056221765058
-0.449270826634228 0.000659307818206 0.050729173365772
-0.344087552635659 0.050183101856682 0.065529707176848
-0.219898407724387 0.047839117825747 0.058681556301671
-0.103474152884079 0.045654031502382 0.057763201920249
0.011745064787875 0.043468092389031 0.057476749705671
0.127097262928462 0.041431699368199 0.057893421969682
0.250171868991079 0.040720334413966 0.065183239902365
0.354773889057131 0.094361211006518 0.052370689183464
0.446885909224663 0.042956789566212 0.053114090775336
-0.448548604167301 0.102837324614539 0.051451395832699
-0.371158107616849 0.152960188514407 0.040752673718760
-0.273518346653616 0.150258134644441 0.056924468008838
-0.158889767161948 0.147007158350971 0.057750202616972
-0.043688342589639 0.144183194830413 0.057485829046110
0.070756428862990 0.141550293420322 0.056989224492553
0.182324176870376 0.139433952866217 0.054598594254748
0.276312966563661 0.142010168876629 0.039425495620884
0.349278620560550 0.200982178301966 0.054391797874802
0.445611133525094 0.150452188372223 0.054388866474906
-0.447375454425447 0.206906653907511 0.052624545574553
-0.338554097301322 0.254965458724922 0.066336525733730
-0.214192793149421 0.248888476704900 0.058173167386257
-0.098582903513710 0.245213894495620 0.057495104564153
0.016317038679013 0.242204989777370 0.057444228231433
0.130820122303873 0.238568283239614 0.057116593143255
0.243420570829077 0.231288145966300 0.055718957135880
0.329683148008844 0.326956428023618 0.073097394363042
0.442740307197414 0.262063832679329 0.057259692802586
-0.444548139744641 0.314946071662363 0.055451860255359
-0.359276745026921 0.360522471420055 0.041235362126806
-0.263892296180261 0.350233682887611 0.054702389833757
-0.152576198897454 0.345838670680446 0.056700436192229
-0.038477517959518 0.343167998553628 0.057429496259279
0.077080147485224 0.340549690022628 0.058157828230055
0.195125756818324 0.336404081824741 0.059960552854995
0.371394831278603 0.446492626455865 0.053507373544135
0.461807172768105 0.461807172768105 0.038192827231895
0.447220445010583 0.372011840482131 0.052779554989417
-0.435009824010173 0.435009824010173 0.064990175989827
-0.316265770654171 0.445760455358590 0.054239544641409
-0.206427768104996 0.444393030565830 0.055606969434169
-0.093946686522973 0.443118669104779 0.056881330895220
0.020843015599944 0.442086992752770 0.057913007247230
0.137893257216294 0.440856295875133 0.059143704124867
0.257566601189065 0.439462240869339 0.060537759130661
