# N=94 SEALED (jamming optimizer, ticket 47) sum=5.100695331199 baseline=5.100674967699
-0.460148406461717 -0.460148406461717 0.039851593538283
-0.370190281305407 -0.449233747241097 0.050766252758903
-0.265580704848960 -0.446110049040019 0.053889950959981
-0.156648185760866 -0.444951268726845 0.055048731273155
-0.046380042951750 -0.444780456164204 0.055219543835796
0.063669339508261 -0.445169473801507 0.054830526198493
0.172725813087981 -0.445772386049201 0.054227613950798
0.281135751290131 -0.445817666292411 0.054182333707589
0.383424536607595 -0.451723214534330 0.048276785465670
0.465292227320203 -0.465292227320203 0.034707772679797
-0.439303413723302 -0.361784679703114 0.060696586276697
-0.323881641667280 -0.354170921563212 0.054976032685464
-0.213304519773275 -0.349806630722436 0.055687181260745
-0.101835038036912 -0.348616200119146 0.055788656854941
0.009373579805371 -0.349213783857368 0.055421566545226
0.119322767081242 -0.351014675324356 0.054542368418472
0.227014343594583 -0.353106848947494 0.053169528985660
0.344979887951171 -0.345097922776775 0.065067574132414
0.451691295905935 -0.383397477301599 0.048308704094065
-0.467030995904686 -0.272317233075236 0.032969004095314
-0.382314190366296 -0.264426776268261 0.052114463448339
-0.273196859020020 -0.253733561368211 0.057525569591749
-0.158718606037718 -0.251245959403542 0.056979707882324
-0.045338562785980 -0.251689871146565 0.056401204379843
0.066807985007471 -0.254005146394315 0.055769240397119
0.176353762899098 -0.258801867824353 0.053881505110419
0.270516852242144 -0.269690373396441 0.040909037393673
0.353595614626615 -0.224550532807148 0.053640875180386
0.445671476703089 -0.280936937466637 0.054328523296911
-0.452136044955773 -0.192868458890329 0.047863955044227
-0.344461289626876 -0.150653481502542 0.067790518500850
-0.217603092220295 -0.151246285720395 0.059069063975554
-0.101058044334869 -0.152369251064354 0.057481393929081
0.013398480478737 -0.154687415901589 0.056998604151895
0.127798692598463 -0.158596089651659 0.057468361665859
0.187130717622588 -0.061510828329195 0.056311413160401
0.250394222167876 -0.165389473063921 0.065315244440945
0.447180559002985 -0.173799600730350 0.052819440997014
-0.448938786768185 -0.093994971753861 0.051061213231815
-0.370855339993489 -0.044975074761210 0.041134095550069
-0.272235595130301 -0.048227864423692 0.057539278353272
-0.156778399059565 -0.051267913469678 0.057957933832643
-0.041331704959856 -0.054089896854836 0.057523245451160
0.073519081347385 -0.057389828078465 0.057374938439937
0.135031115339672 0.040578610271676 0.058303690695413
0.283586253815120 -0.065214791850582 0.040215214295221
0.357974274240225 -0.119264871054739 0.051735797905523
0.448447802426851 -0.069435655653875 0.051552197573148
-0.447153303411260 0.009897596663994 0.052846696588740
-0.337430112150369 0.057686531395224 0.066831877029180
-0.212272731558636 0.051115373853628 0.058497888102732
-0.096179122148165 0.047198552938235 0.057661776290869
0.019107357313690 0.043974134309488 0.057669785834170
0.193542140081981 0.139336508174761 0.056485953500529
0.258065444123237 0.036645484724119 0.064793488540323
0.360660782088106 -0.016715295233744 0.050848961320605
0.449307948422719 0.032804975375090 0.050692051577281
-0.444023673665238 0.118675607934020 0.055976326334762
-0.357743537867932 0.164153687814696 0.041555809819609
-0.261830316924795 0.153200877794524 0.054980763555589
-0.150052629879311 0.148307213273021 0.056903995342515
-0.035758960691412 0.145158841918472 0.057433028663792
0.079368835730639 0.142387697776621 0.057728113866369
0.140412116712335 0.241708571209563 0.058851978998976
0.289570327384628 0.136165872943577 0.039594563173776
0.362629598487278 0.084184426166387 0.050069966619785
0.449814556130293 0.133681198719779 0.050185443869707
-0.433842468695662 0.240384367878304 0.066157531304338
-0.313789492636453 0.249250743134801 0.054222407517967
-0.203625072590797 0.247639356323863 0.055953796861428
-0.090713262025403 0.245507921949306 0.056978129437774
0.023911896492492 0.243579082114004 0.057663256581249
0.198725927070418 0.343395549467778 0.058368932214702
0.264882065506036 0.238483795872251 0.065659736629244
0.364268598004496 0.182601033731925 0.048360287693239
0.448855178466184 0.235006922409502 0.051144821533816
-0.462105083870194 0.340524951062804 0.037894916129806
-0.369629621531062 0.342660201555541 0.054605194299873
-0.259042102408713 0.344921544676406 0.056005442884558
-0.146344637735786 0.344634791432142 0.056692386602653
-0.032416411531087 0.343727740474859 0.057239450333246
0.082589180017027 0.342984697754192 0.057768541562171
0.312370314617104 0.349907829133933 0.055461892289522
0.362078651319772 0.446674474198776 0.053325525801224
0.365255613248399 0.270718730763523 0.039762936993809
0.433912212165953 0.351283284828302 0.066087787834047
-0.437701222682036 0.437701222682036 0.062298777317964
-0.317781011402084 0.442290773220032 0.057709226779968
-0.203133850011642 0.443059488281654 0.056940511718346
-0.089141674232998 0.442948281695181 0.057051718304819
0.025200179734495 0.442709615252643 0.057290384747357
0.139709234374458 0.442781307664620 0.057218692335379
0.252852412037974 0.444068196382554 0.055931803617445
0.457401262748563 0.457401262748563 0.042598737251437
