# N=95 SEALED (jamming optimizer, ticket 47) sum=5.126321536468 baseline=5.126305581511
-0.457940245491966 -0.457940245491966 0.042059754508034
-0.363688221478540 -0.447197480498070 0.052802519501930
-0.256225677731713 -0.445323639773873 0.054676360226127
-0.146766566688088 -0.445217197428152 0.054782802571847
-0.037749996511579 -0.445764856783920 0.054235143216080
0.069668651342126 -0.446811397451527 0.053188602548473
0.174541846501485 -0.448304775196389 0.051695224803611
0.276158615220704 -0.450063242184537 0.049936757815462
0.374286287243746 -0.451793826642465 0.048206173357535
0.461002443829763 -0.461002443829763 0.038997556170237
-0.434946888754672 -0.353324417072700 0.065053111245328
-0.313552088399853 -0.350204818966373 0.056381766139760
-0.201696308363501 -0.349615779736646 0.055475564843751
-0.091231107019759 -0.350524945904327 0.054993377809981
0.017921971249234 -0.352733055642814 0.054182032627599
0.124904448621420 -0.356284173821803 0.052859365462165
0.228637275181709 -0.361033241510665 0.050982114448804
0.328446923535395 -0.366123065357275 0.048957228211010
0.438682730605845 -0.363202164537645 0.061317269394154
-0.461817922941436 -0.253647681442595 0.038182077058564
-0.368507979664376 -0.253176402780129 0.055129056349759
-0.257227664147629 -0.252781007118341 0.056151961614834
-0.145185043105694 -0.253648799350057 0.055894019987827
-0.033905758069513 -0.256166394826983 0.055413740591339
0.075857231517096 -0.260840991448092 0.054448744982945
0.182816873561215 -0.267971477084891 0.052748311187561
0.284960439395406 -0.277420659630630 0.049831389982341
0.371226483875358 -0.290995770126276 0.037496234828975
0.449860162013168 -0.252306935547073 0.050139837986832
-0.435796208474397 -0.154623762807095 0.064203791525602
-0.314255662685224 -0.154661196055827 0.057336760028100
-0.200188923485539 -0.155367413701341 0.056732165341659
-0.086855598301115 -0.157435053581192 0.056620019163233
0.026072495047278 -0.161809090100539 0.056392752074251
0.137355842357800 -0.170066503942220 0.055196531783954
0.245253267028465 -0.182157099807750 0.053376193883891
0.356678058136128 -0.195731606223967 0.058872419906348
0.453901714438404 -0.156153712625963 0.046098285561596
-0.461912110092052 -0.055722055171685 0.038087889907948
-0.368432339529051 -0.055804520422486 0.055391917029319
-0.256006107786981 -0.056233965550516 0.057035134905878
-0.141604146062542 -0.057449703500746 0.057373286397640
-0.026308972429001 -0.060165921470538 0.057953878239524
0.090351310749838 -0.066146462317230 0.058859599322724
0.203770630628878 -0.081405068512734 0.055581508609930
0.306587853859462 -0.100251849537063 0.048948786270677
0.389261185954100 -0.108606961111220 0.034145664380656
0.455229422638291 -0.065294549962473 0.044770577361709
-0.435648883136525 0.043293059927972 0.064351116863475
-0.313506675513198 0.043158005749624 0.057791165425382
-0.198086442322269 0.042727521048764 0.057629870555612
-0.082170846391098 0.041775266522022 0.058289636727512
0.036391997207478 0.040079279350676 0.060285336410438
0.165637137729774 0.037188472437623 0.068992129194502
0.263311312125388 0.083602390764019 0.039148964559325
0.277544388838895 -0.005022214156242 0.050611277586097
0.371162176202211 -0.030191920657599 0.046330995113522
-0.461876313420324 0.142354693477096 0.038123686579676
-0.368204779049714 0.142424592767229 0.055547873870948
-0.255264268416675 0.142531754867679 0.057392687601746
-0.139963922664622 0.142580891885861 0.057907668620555
-0.023416165817274 0.142871918606497 0.058640451581791
0.095008072369613 0.144888015308632 0.059800946738461
0.207428126105556 0.157244553202602 0.053296146551851
0.313235666800501 0.160534551479586 0.052562531678018
0.350974504052255 0.064569217297467 0.050556647924034
0.447980021115733 0.031224142299546 0.052019978884267
-0.435773478115626 0.241320380266459 0.064226521884373
-0.313696208790392 0.241864717072224 0.057851961020943
-0.198171747670559 0.242435538767335 0.057673910343161
-0.082670776184897 0.243141933262971 0.057829221247783
0.032932064293818 0.244752859611528 0.057784842820770
0.147013109174468 0.248764888871034 0.056366728258387
0.258160519565793 0.252755332841314 0.054852292056382
0.367700945852969 0.252926474247519 0.054688267922819
0.432649581169525 0.149606022085396 0.067350418830475
-0.462239055236301 0.339814119057112 0.037760944763699
-0.369097065549458 0.340623284717272 0.055384559646817
-0.256249055600943 0.341859873273958 0.057470225367371
-0.141187003681017 0.342632982901906 0.057594423810907
-0.026213421126927 0.343573121373658 0.057383002432978
0.087924279759391 0.345241445315586 0.056766890551596
0.200634867005086 0.347473049725009 0.055965786767402
0.312946061955388 0.349542274776780 0.056364468299875
0.434636226861770 0.352586700612889 0.065363773138230
0.461191542886592 0.251856026305495 0.038808457113408
-0.437204451788940 0.437204451788940 0.062795548211059
-0.315896432782363 0.441414495555322 0.058585504444678
-0.199514117573780 0.442200534834943 0.057799465165057
-0.084302404014970 0.442587103084555 0.057412896915444
0.030028475683794 0.443080950644484 0.056919049355516
0.143150481950740 0.443794790818046 0.056205209181953
0.254622094183548 0.444729676685505 0.055270323314495
0.362965835077217 0.446904751560608 0.053095248439392
0.457722778471760 0.457722778471760 0.042277221528240
