# N=97 SEALED (jamming optimizer, ticket 47) sum=5.180768365931 baseline=5.180745991837
-0.459833539043157 -0.459833539043157 0.040166460956843
-0.370715978219370 -0.450568587211886 0.049431412788113
-0.270578042008970 -0.449285253531691 0.050714746468309
-0.167962441923402 -0.448092211268860 0.051907788731140
-0.063156306352146 -0.447096927446310 0.052903072553690
0.043389910072438 -0.446354267878896 0.053645732121104
0.151116876097043 -0.445917882234005 0.054082117765995
0.259179586700136 -0.446019359516326 0.053980640483674
0.365307896724840 -0.447836770332013 0.052163229667987
0.458435003039138 -0.458435003039138 0.041564996960862
-0.436544839805168 -0.358862865786494 0.063455160194832
-0.323043066180183 -0.363164964497024 0.050128116168075
-0.221500445919653 -0.359651619991264 0.051475266250967
-0.117421508563786 -0.356561631735187 0.052649530164437
-0.011272765869815 -0.354170749941145 0.053526135085488
0.096436191964079 -0.352460620530164 0.054196398027440
0.205338962374516 -0.351601188071827 0.054709763539382
0.315730687673272 -0.352061550669082 0.055682921671898
0.435688434085446 -0.355030746999327 0.064311565914553
-0.447209198715380 -0.243107109949834 0.052790801284620
-0.365679793654964 -0.285027945920362 0.038884715501343
-0.276664779055573 -0.273430838266620 0.050882571023661
-0.173336118281195 -0.267364821243256 0.052623992536115
-0.067307930451847 -0.262992716634739 0.053494299539678
0.040420063805310 -0.259556570957336 0.054288481291892
0.149623203767972 -0.257160565595207 0.054940940657508
0.259959524328901 -0.255992091774191 0.055401566863367
0.369884535069885 -0.256078160197026 0.054523477572278
0.462203679306379 -0.256425664582335 0.037796320693621
-0.450115343342681 -0.140472788268479 0.049884656657319
-0.347763947974604 -0.185723082404083 0.062023328996750
-0.232163146819031 -0.178687847109220 0.053791349535222
-0.125003865665883 -0.172855975960216 0.053526506660091
-0.017234909601076 -0.167446090444815 0.054378149182871
0.092275490698498 -0.163105893000461 0.055218224332081
0.203307706024312 -0.160244114836437 0.055850865042137
0.315890466255546 -0.158792598259462 0.056741251918406
0.436315360187955 -0.158302373369824 0.063684639812045
-0.450464415470382 -0.041053159893000 0.049535584529618
-0.377869388395241 -0.090200278799578 0.038131269257077
-0.287826055128969 -0.088815133998975 0.051922717283328
-0.183311667757955 -0.084062974952272 0.052699652137095
-0.076671396132681 -0.076577066595570 0.054203043601774
0.032880969213284 -0.069581199545452 0.055572467823492
0.144653411304028 -0.064643343809287 0.056308992795325
0.257446642534597 -0.061774066884499 0.056520727409521
0.369054956566249 -0.060399925283731 0.055096045640619
0.462075097322380 -0.060012317577163 0.037924902677620
-0.447836090661825 0.060612365048674 0.052163909338175
-0.350427613458165 0.004353224661342 0.060323878035644
-0.240311779044991 0.001171636074553 0.049837909778666
-0.137935839468964 0.011460983108772 0.053053798665042
-0.029422309776598 0.023070583646017 0.056079005527512
0.083676313655252 0.031231030788941 0.057313637618997
0.198322254619928 0.035621853995919 0.057416354571846
0.313482667664199 0.037831401411487 0.057765253475222
0.435621994999011 0.038811355178748 0.064378005000989
-0.448602585394488 0.164170852401444 0.051397414605512
-0.361042252885902 0.113787407686009 0.049623886764087
-0.284598202598443 0.074880136400971 0.036151800835600
-0.200913821447993 0.092137786160421 0.049293515734436
-0.097057520163773 0.113318742250061 0.056700654941643
0.018528923454449 0.128674127205403 0.059901290991669
0.137032428250690 0.134286454987921 0.058735039329744
0.253632526827899 0.136799024228300 0.057892127284225
0.367420485770479 0.137885047942371 0.055901014195504
0.461660528959379 0.138173695295885 0.038339471040621
-0.358608642580989 0.215674363416892 0.052292128695815
-0.273058981792930 0.160020619296333 0.049767087916838
-0.174699353253392 0.191558275963346 0.053524926849466
-0.157685290952217 0.283471669663276 0.039949937458682
-0.057971682771275 0.234868124814746 0.070978454886585
0.074009902318513 0.236103819738954 0.061008914754447
0.193987647122435 0.237299593401280 0.058974788817690
0.311588408852175 0.237882753666968 0.058627418794711
0.435107908920468 0.237931972079499 0.064892091079532
-0.448679167499893 0.266889070958973 0.051320832500107
-0.360585934542533 0.318957036187936 0.051009469443960
-0.258631815209073 0.270657648999966 0.061806634246048
-0.197471695692484 0.362629214377355 0.048643938668948
-0.095780199694161 0.353427008257098 0.053463068709863
0.016495016763087 0.341891836300502 0.059403154858528
0.134992623784720 0.339599011438212 0.059116632163313
0.252631136262297 0.339116297191451 0.058522870687477
0.367326701982517 0.338247411116111 0.056175986145943
0.461750141974105 0.337573595325922 0.038249858025894
-0.449226972390056 0.368981461380459 0.050773027609944
-0.285032375122088 0.368032101174082 0.039083273573960
-0.246413469508113 0.449198115177303 0.050801884822697
-0.143398650978785 0.447777268138439 0.052222731861561
-0.035630464368329 0.444401692369838 0.055598307630162
0.077985787999901 0.441955729623691 0.058044270376309
0.194823439582307 0.441204201815313 0.058795798184687
0.313141523882121 0.440475469741883 0.059524530258117
0.436297605492257 0.436297605492257 0.063702394507743
-0.459582310496026 0.459582310496026 0.040417689503974
-0.359084317123452 0.437528302607941 0.062471697392059
